2,1
13,1
14,1
15,1
20,1
22,1
24,1
29,1
4,2
8,2
13,2
16,2
17,2
20,2
21,2
28,2
4,3
6,3
12,3
13,3
21,3
22,3
3,4
4,4
7,4
8,4
10,4
11,4
15,4
20,4
23,4
26,4
27,4
3,5
4,5
6,5
11,5
13,5
14,5
15,5
20,5
24,5
3,6
9,6
15,6
20,6
21,6
22,6
25,6
26,6
2,7
3,7
4,7
9,7
10,7
13,7
14,7
15,7
16,7
18,7
21,7
22,7
23,7
27,7
1,8
8,8
14,8
15,8
17,8
19,8
21,8
23,8
24,8
4,9
5,9
11,9
13,9
17,9
19,9
20,9
22,9
1,10
3,10
6,10
8,10
9,10
14,10
19,10
23,10
25,10
2,11
4,11
9,11
14,11
15,11
20,11
23,11
28,11
3,12
4,12
8,12
15,12
21,12
3,13
4,13
5,13
7,13
10,13
19,13
20,13
21,13
23,13
1,14
3,14
4,14
5,14
7,14
8,14
10,14
19,14
20,14
21,14
22,14
23,14
1,15
5,15
6,15
8,15
17,15
18,15
22,15
23,15
25,15
26,15
28,15
1,16
2,16
3,16
4,16
5,16
11,16
19,16
21,16
1,17
3,17
4,17
10,17
20,17
23,17
28,17
4,18
9,18
15,18
21,18
1,19
2,19
3,19
7,19
10,19
14,19
15,19
17,19
21,19
22,19
23,19
25,19
2,20
3,20
4,20
7,20
10,20
13,20
14,20
20,20
25,20
29,20
7,21
8,21
14,21
15,21
18,21
22,21
23,21
28,21
4,22
8,22
9,22
13,22
16,22
17,22
20,22
21,22
22,22
25,22
27,22
29,22
1,23
8,23
9,23
10,23
11,23
14,23
15,23
16,23
19,23
20,23
21,23
25,23
10,24
14,24
15,24
14,25
15,25
20,25
22,25
29,25
7,26
10,26
11,26
12,26
18,26
21,26
22,26
27,26
7,27
8,27
12,27
13,27
25,27
7,28
15,28
19,28
27,28
11,29
13,29
17,29
21,29
27,29
