2,1
4,1
14,1
16,1
2,2
4,2
14,2
16,2
13,3
14,3
15,3
2,4
4,4
14,4
16,4
2,5
4,5
14,5
16,5
14,7
16,7
20,7
22,7
8,8
9,8
10,8
14,8
15,8
16,8
20,8
21,8
22,8
27,8
2,9
3,9
4,9
9,9
15,9
27,9
9,10
14,10
15,10
16,10
20,10
22,10
27,10
14,11
16,11
20,11
22,11
2,13
4,13
13,13
14,13
16,13
17,13
21,13
2,14
4,14
10,14
11,14
13,14
14,14
16,14
17,14
19,14
20,14
21,14
22,14
23,14
21,15
26,15
27,15
28,15
2,16
4,16
7,16
8,16
10,16
11,16
13,16
14,16
16,16
17,16
19,16
20,16
21,16
2,17
4,17
13,17
14,17
16,17
17,17
13,19
15,19
20,19
22,19
3,20
7,20
8,20
10,20
11,20
13,20
15,20
20,20
22,20
3,21
20,21
21,21
22,21
26,21
27,21
28,21
3,22
7,22
8,22
10,22
11,22
15,22
20,22
22,22
15,23
18,23
20,23
22,23
18,24
18,25
9,26
15,26
21,26
27,26
9,27
15,27
21,27
26,27
27,27
28,27
9,28
15,28
21,28
27,28
