0,2
1,2
2,2
3,2
4,2
5,2
6,2
7,2
8,2
9,2
10,2
11,2
12,2
13,2
14,2
15,2
16,2
17,2
18,2
19,2
20,2
21,2
22,2
23,2
24,2
25,2
26,2
27,2
28,2
29,2
30,2
0,3
1,3
2,3
3,3
4,3
5,3
6,3
7,3
8,3
9,3
10,3
11,3
12,3
13,3
14,3
15,3
16,3
17,3
18,3
19,3
20,3
21,3
22,3
23,3
24,3
25,3
26,3
27,3
28,3
29,3
30,3
0,4
1,4
2,4
3,4
4,4
5,4
6,4
7,4
8,4
9,4
10,4
11,4
12,4
13,4
14,4
15,4
16,4
17,4
18,4
19,4
20,4
21,4
22,4
23,4
24,4
25,4
26,4
27,4
28,4
29,4
30,4
0,7
1,7
2,7
3,7
4,7
5,7
6,7
7,7
8,7
9,7
10,7
11,7
12,7
13,7
14,7
15,7
16,7
17,7
18,7
19,7
20,7
21,7
22,7
23,7
24,7
25,7
26,7
27,7
28,7
29,7
30,7
0,11
1,11
2,11
3,11
4,11
5,11
6,11
7,11
8,11
9,11
10,11
11,11
12,11
13,11
14,11
15,11
16,11
17,11
18,11
19,11
20,11
21,11
22,11
23,11
24,11
25,11
26,11
27,11
28,11
29,11
30,11
21,14
22,14
23,14
24,14
25,14
26,14
27,14
28,14
29,14
0,15
1,15
2,15
3,15
4,15
5,15
6,15
7,15
8,15
9,15
10,15
11,15
12,15
13,15
14,15
15,15
16,15
17,15
18,15
19,15
20,15
21,15
22,15
23,15
24,15
25,15
26,15
27,15
28,15
29,15
30,15
0,16
1,16
2,16
3,16
4,16
5,16
6,16
7,16
8,16
9,16
10,16
11,16
12,16
13,16
14,16
15,16
16,16
17,16
18,16
19,16
20,16
21,16
22,16
23,16
24,16
25,16
26,16
27,16
28,16
29,16
30,16
0,17
1,17
2,17
3,17
4,17
5,17
6,17
7,17
8,17
9,17
10,17
11,17
12,17
13,17
14,17
15,17
16,17
17,17
18,17
19,17
20,17
21,17
22,17
23,17
24,17
25,17
26,17
27,17
28,17
29,17
30,17
0,18
1,18
2,18
3,18
4,18
5,18
6,18
7,18
8,18
9,18
10,18
11,18
12,18
13,18
14,18
15,18
16,18
17,18
18,18
19,18
20,18
21,18
22,18
23,18
24,18
25,18
26,18
27,18
28,18
29,18
30,18
0,20
1,20
2,20
3,20
4,20
5,20
6,20
7,20
8,20
9,20
10,20
11,20
12,20
13,20
14,20
15,20
16,20
17,20
18,20
19,20
20,20
21,20
22,20
23,20
24,20
25,20
26,20
27,20
28,20
29,20
30,20
0,23
1,23
2,23
3,23
4,23
5,23
6,23
7,23
8,23
9,23
10,23
11,23
12,23
13,23
14,23
15,23
16,23
17,23
18,23
19,23
20,23
21,23
22,23
23,23
24,23
25,23
26,23
27,23
28,23
29,23
30,23
0,27
1,27
2,27
3,27
4,27
5,27
6,27
7,27
8,27
9,27
10,27
11,27
12,27
13,27
14,27
15,27
16,27
17,27
18,27
19,27
20,27
21,27
22,27
23,27
24,27
25,27
26,27
27,27
28,27
29,27
30,27
