1,1
3,1
5,1
7,1
9,1
11,1
13,1
15,1
17,1
20,1
21,1
26,1
28,1
8,2
10,2
11,2
14,2
16,2
17,2
19,2
20,2
21,2
22,2
1,3
3,3
5,3
7,3
11,3
13,3
15,3
16,3
17,3
19,3
21,3
27,3
2,4
8,4
10,4
14,4
16,4
17,4
18,4
21,4
22,4
24,4
1,5
4,5
7,5
9,5
11,5
13,5
17,5
19,5
20,5
4,6
6,6
12,6
24,6
27,6
1,7
4,7
7,7
9,7
11,7
13,7
15,7
17,7
19,7
20,7
21,7
23,7
29,7
3,8
4,8
7,8
8,8
9,8
10,8
11,8
14,8
15,8
16,8
17,8
19,8
20,8
21,8
22,8
26,8
28,8
3,9
7,9
8,9
9,9
10,9
11,9
12,9
13,9
14,9
15,9
16,9
17,9
21,9
23,9
27,9
29,9
2,10
4,10
6,10
8,10
9,10
10,10
13,10
14,10
15,10
16,10
17,10
18,10
20,10
21,10
22,10
1,11
2,11
3,11
7,11
8,11
10,11
11,11
14,11
15,11
16,11
17,11
19,11
20,11
22,11
23,11
24,11
25,11
29,11
6,12
7,12
18,12
25,12
7,13
9,13
11,13
14,13
20,13
21,13
22,13
24,13
27,13
29,13
2,14
4,14
5,14
7,14
8,14
10,14
11,14
14,14
19,14
20,14
22,14
23,14
26,14
27,14
28,14
29,14
1,15
3,15
5,15
7,15
8,15
9,15
11,15
19,15
20,15
21,15
22,15
23,15
25,15
27,15
29,15
2,16
4,16
5,16
8,16
9,16
10,16
11,16
18,16
19,16
20,16
22,16
23,16
25,16
27,16
3,17
7,17
9,17
11,17
19,17
21,17
25,17
29,17
5,18
6,18
10,18
12,18
18,18
1,19
3,19
7,19
9,19
10,19
11,19
13,19
15,19
16,19
17,19
19,19
20,19
21,19
23,19
28,19
2,20
4,20
8,20
13,20
14,20
16,20
18,20
20,20
21,20
22,20
26,20
28,20
29,20
1,21
2,21
3,21
4,21
10,21
13,21
15,21
16,21
17,21
19,21
20,21
21,21
22,21
23,21
3,22
4,22
7,22
8,22
9,22
10,22
11,22
12,22
13,22
14,22
16,22
20,22
22,22
26,22
27,22
28,22
1,23
8,23
9,23
11,23
13,23
15,23
17,23
19,23
21,23
23,23
25,23
27,23
29,23
22,24
11,25
12,25
13,25
17,25
21,25
23,25
25,25
4,26
8,26
13,26
14,26
16,26
18,26
20,26
22,26
24,26
26,26
28,26
14,27
15,27
16,27
19,27
21,27
22,27
28,27
13,28
17,28
27,28
28,28
7,29
15,29
17,29
20,29
21,29
